{
 "cells": [
  {
   "cell_type": "code",
   "execution_count": 1,
   "id": "e7e01dde",
   "metadata": {},
   "outputs": [],
   "source": [
    "import tkinter\n",
    "import numpy as np \n",
    "import pandas as pd\n",
    "from numpy import exp,log,sin,cos,mean,std\n",
    "import json\n",
    "import matplotlib.pyplot as plt\n",
    "import seaborn as sns\n",
    "sns.set()"
   ]
  },
  {
   "cell_type": "code",
   "execution_count": 2,
   "id": "c2c75520",
   "metadata": {},
   "outputs": [
    {
     "name": "stderr",
     "output_type": "stream",
     "text": [
      "C:\\Users\\Andre\\AppData\\Local\\Temp/ipykernel_612/2280095680.py:67: FutureWarning: The error_bad_lines argument has been deprecated and will be removed in a future version.\n",
      "\n",
      "\n",
      "  dataGdpSW=loadGDPFilesCSV('DataSweden/')\n",
      "b'Skipping line 166: expected 7 fields, saw 11\\n'\n",
      "b'Skipping line 166: expected 7 fields, saw 11\\n'\n",
      "b'Skipping line 63: expected 7 fields, saw 11\\n'\n"
     ]
    }
   ],
   "source": [
    "import os\n",
    "def extractGdpKey(dataTmp):\n",
    "    key=dataTmp['Category'][0]\n",
    "    if len(key.split())>2:\n",
    "        key=key.split()[2]\n",
    "    key=key.split()[0]\n",
    "    return key\n",
    "    \n",
    "def loadGDPFiles(Path):\n",
    "    dataGdp={}\n",
    "    for fname in os.listdir(Path):  \n",
    "        fid=open(Path+fname)\n",
    "        dataTmp=pd.DataFrame(json.load(fid))[0:-1]\n",
    "        key=extractGdpKey(dataTmp)\n",
    "        dataGdp[key]=dataTmp.assign(DateTime=pd.to_datetime(dataTmp.DateTime,infer_datetime_format=True))\n",
    "        dataGdp[key]=dataGdp[key].set_index('DateTime')\n",
    "    return dataGdp\n",
    "\n",
    "def loadGDPFilesCSV(Path):\n",
    "    dataGdp={}\n",
    "    for fname in os.listdir(Path):  \n",
    "        #print(Path+fname)\n",
    "        dataTmp=pd.read_csv(Path+fname,error_bad_lines=False)\n",
    "        key=extractGdpKey(dataTmp)\n",
    "        dataGdp[key]=dataTmp.assign(DateTime=pd.to_datetime(dataTmp.DateTime,infer_datetime_format=True))\n",
    "        dataGdp[key]=dataGdp[key].set_index('DateTime')\n",
    "    return dataGdp\n",
    "\n",
    "def mergeGdpFiles(dataGdp):\n",
    "    dataGdpMerged= dataGdp['GDP'].drop(\n",
    "                        columns=['Category','LastUpdate','HistoricalDataSymbol','Frequency','Country']\n",
    "                        ).rename(columns={'Value':'GDP'})\n",
    "    dataTmp=dataGdp['capita'].drop(\n",
    "                        columns=['Category','LastUpdate','HistoricalDataSymbol','Frequency','Country']\n",
    "                        ).rename(columns={'Value':'GDPpc'})\n",
    "    dataGdpMerged=dataGdpMerged.merge(dataTmp,left_on='DateTime',right_on='DateTime')\n",
    "    dataTmp=dataGdp['Prices'].drop(\n",
    "                        columns=['Category','LastUpdate','HistoricalDataSymbol','Frequency','Country']\n",
    "                        ).rename(columns={'Value':'GDPpr'})\n",
    "    dataGdpMerged=dataGdpMerged.merge(dataTmp,left_on='DateTime',right_on='DateTime',how='right')\n",
    "    dataGdp.pop('GDP')\n",
    "    dataGdp.pop('capita')\n",
    "    dataGdp.pop('Prices')\n",
    "    for key in dataGdp.keys():\n",
    "         dataTmp=dataGdp[key].drop(\n",
    "                        columns=['Category','LastUpdate','HistoricalDataSymbol','Frequency','Country']\n",
    "                        ).rename(columns={'Value':key[0:4]})\n",
    "         dataGdpMerged=dataGdpMerged.merge(dataTmp,left_on='DateTime',right_on='DateTime')\n",
    "         #print(key[0:4])\n",
    "    return dataGdpMerged\n",
    "\n",
    "dataGdp=loadGDPFiles('DataMexico/')\n",
    "dataGdpMx=mergeGdpFiles(dataGdp)\n",
    "\n",
    "dataGdpMxY=dataGdpMx.groupby(pd.Grouper(freq='1Y')).mean()\n",
    "dataGdpMx.drop(columns=['GDP','GDPpc','GDPpr'],inplace=True)\n",
    "dataGdpMx=dataGdpMx.assign(Quarter=int(len(dataGdpMx)/4)*[1,2,3,4])\n",
    "\n",
    "\n",
    "dataGdpNZ=loadGDPFiles('DataNewZealand/')\n",
    "dataGdpNz=mergeGdpFiles(dataGdpNZ)\n",
    "dataGdpNzY=dataGdpNz[3:].groupby(pd.Grouper(freq='1Y')).mean()\n",
    "\n",
    "dataGdpNz=dataGdpNz[3:].drop(columns=['GDP','GDPpc','GDPpr'])\n",
    "dataGdpNz=dataGdpNz.assign(Quarter=int(len(dataGdpNz)/4)*[1,2,3,4])\n",
    "\n",
    "dataGdpSW=loadGDPFilesCSV('DataSweden/')\n",
    "dataGdpSW=mergeGdpFiles(dataGdpSW)\n",
    "dataGdpSWY=dataGdpSW.groupby(pd.Grouper(freq='1Y')).mean()\n",
    "\n",
    "dataGdpSW.drop(columns=['GDP','GDPpc','GDPpr'],inplace=True)\n",
    "dataGdpSW=dataGdpSW.assign(Quarter=int(len(dataGdpSW)/4)*[1,2,3,4])"
   ]
  },
  {
   "cell_type": "markdown",
   "id": "b0e0a447",
   "metadata": {},
   "source": [
    " ## Correlation among sectors Annually/Quaterly  - Mexico"
   ]
  },
  {
   "cell_type": "markdown",
   "id": "2d7d3948",
   "metadata": {},
   "source": [
    "We can remark that the GDP taken annually provides a better overall correlation than quarterly data. We may assert it occurs because of the seansonality of Consumption/Production/Earnings during the different quarters.\n"
   ]
  },
  {
   "cell_type": "markdown",
   "id": "07264a5c",
   "metadata": {},
   "source": [
    "**Quarter** "
   ]
  },
  {
   "cell_type": "code",
   "execution_count": 3,
   "id": "d64e62d6",
   "metadata": {
    "scrolled": false
   },
   "outputs": [
    {
     "data": {
      "text/html": [
       "<div>\n",
       "<style scoped>\n",
       "    .dataframe tbody tr th:only-of-type {\n",
       "        vertical-align: middle;\n",
       "    }\n",
       "\n",
       "    .dataframe tbody tr th {\n",
       "        vertical-align: top;\n",
       "    }\n",
       "\n",
       "    .dataframe thead th {\n",
       "        text-align: right;\n",
       "    }\n",
       "</style>\n",
       "<table border=\"1\" class=\"dataframe\">\n",
       "  <thead>\n",
       "    <tr style=\"text-align: right;\">\n",
       "      <th></th>\n",
       "      <th>Agri</th>\n",
       "      <th>Cons</th>\n",
       "      <th>Manu</th>\n",
       "      <th>Mini</th>\n",
       "      <th>Publ</th>\n",
       "      <th>Serv</th>\n",
       "      <th>Tran</th>\n",
       "      <th>Util</th>\n",
       "    </tr>\n",
       "  </thead>\n",
       "  <tbody>\n",
       "    <tr>\n",
       "      <th>Agri</th>\n",
       "      <td>1.000000</td>\n",
       "      <td>0.584219</td>\n",
       "      <td>0.738493</td>\n",
       "      <td>-0.425216</td>\n",
       "      <td>0.817761</td>\n",
       "      <td>0.822824</td>\n",
       "      <td>0.761561</td>\n",
       "      <td>0.725911</td>\n",
       "    </tr>\n",
       "    <tr>\n",
       "      <th>Cons</th>\n",
       "      <td>0.584219</td>\n",
       "      <td>1.000000</td>\n",
       "      <td>0.787424</td>\n",
       "      <td>-0.139646</td>\n",
       "      <td>0.688878</td>\n",
       "      <td>0.791441</td>\n",
       "      <td>0.834689</td>\n",
       "      <td>0.811502</td>\n",
       "    </tr>\n",
       "    <tr>\n",
       "      <th>Manu</th>\n",
       "      <td>0.738493</td>\n",
       "      <td>0.787424</td>\n",
       "      <td>1.000000</td>\n",
       "      <td>-0.271042</td>\n",
       "      <td>0.805464</td>\n",
       "      <td>0.947096</td>\n",
       "      <td>0.974637</td>\n",
       "      <td>0.901620</td>\n",
       "    </tr>\n",
       "    <tr>\n",
       "      <th>Mini</th>\n",
       "      <td>-0.425216</td>\n",
       "      <td>-0.139646</td>\n",
       "      <td>-0.271042</td>\n",
       "      <td>1.000000</td>\n",
       "      <td>-0.623557</td>\n",
       "      <td>-0.458228</td>\n",
       "      <td>-0.335339</td>\n",
       "      <td>-0.402425</td>\n",
       "    </tr>\n",
       "    <tr>\n",
       "      <th>Publ</th>\n",
       "      <td>0.817761</td>\n",
       "      <td>0.688878</td>\n",
       "      <td>0.805464</td>\n",
       "      <td>-0.623557</td>\n",
       "      <td>1.000000</td>\n",
       "      <td>0.921098</td>\n",
       "      <td>0.847042</td>\n",
       "      <td>0.882690</td>\n",
       "    </tr>\n",
       "    <tr>\n",
       "      <th>Serv</th>\n",
       "      <td>0.822824</td>\n",
       "      <td>0.791441</td>\n",
       "      <td>0.947096</td>\n",
       "      <td>-0.458228</td>\n",
       "      <td>0.921098</td>\n",
       "      <td>1.000000</td>\n",
       "      <td>0.972377</td>\n",
       "      <td>0.968707</td>\n",
       "    </tr>\n",
       "    <tr>\n",
       "      <th>Tran</th>\n",
       "      <td>0.761561</td>\n",
       "      <td>0.834689</td>\n",
       "      <td>0.974637</td>\n",
       "      <td>-0.335339</td>\n",
       "      <td>0.847042</td>\n",
       "      <td>0.972377</td>\n",
       "      <td>1.000000</td>\n",
       "      <td>0.933992</td>\n",
       "    </tr>\n",
       "    <tr>\n",
       "      <th>Util</th>\n",
       "      <td>0.725911</td>\n",
       "      <td>0.811502</td>\n",
       "      <td>0.901620</td>\n",
       "      <td>-0.402425</td>\n",
       "      <td>0.882690</td>\n",
       "      <td>0.968707</td>\n",
       "      <td>0.933992</td>\n",
       "      <td>1.000000</td>\n",
       "    </tr>\n",
       "  </tbody>\n",
       "</table>\n",
       "</div>"
      ],
      "text/plain": [
       "          Agri      Cons      Manu      Mini      Publ      Serv      Tran  \\\n",
       "Agri  1.000000  0.584219  0.738493 -0.425216  0.817761  0.822824  0.761561   \n",
       "Cons  0.584219  1.000000  0.787424 -0.139646  0.688878  0.791441  0.834689   \n",
       "Manu  0.738493  0.787424  1.000000 -0.271042  0.805464  0.947096  0.974637   \n",
       "Mini -0.425216 -0.139646 -0.271042  1.000000 -0.623557 -0.458228 -0.335339   \n",
       "Publ  0.817761  0.688878  0.805464 -0.623557  1.000000  0.921098  0.847042   \n",
       "Serv  0.822824  0.791441  0.947096 -0.458228  0.921098  1.000000  0.972377   \n",
       "Tran  0.761561  0.834689  0.974637 -0.335339  0.847042  0.972377  1.000000   \n",
       "Util  0.725911  0.811502  0.901620 -0.402425  0.882690  0.968707  0.933992   \n",
       "\n",
       "          Util  \n",
       "Agri  0.725911  \n",
       "Cons  0.811502  \n",
       "Manu  0.901620  \n",
       "Mini -0.402425  \n",
       "Publ  0.882690  \n",
       "Serv  0.968707  \n",
       "Tran  0.933992  \n",
       "Util  1.000000  "
      ]
     },
     "execution_count": 3,
     "metadata": {},
     "output_type": "execute_result"
    }
   ],
   "source": [
    "dataGdpMx.drop(columns='Quarter').corr()"
   ]
  },
  {
   "cell_type": "markdown",
   "id": "545c601d",
   "metadata": {},
   "source": [
    "**Annual** "
   ]
  },
  {
   "cell_type": "code",
   "execution_count": 4,
   "id": "5ff3a032",
   "metadata": {
    "scrolled": true
   },
   "outputs": [
    {
     "data": {
      "text/html": [
       "<div>\n",
       "<style scoped>\n",
       "    .dataframe tbody tr th:only-of-type {\n",
       "        vertical-align: middle;\n",
       "    }\n",
       "\n",
       "    .dataframe tbody tr th {\n",
       "        vertical-align: top;\n",
       "    }\n",
       "\n",
       "    .dataframe thead th {\n",
       "        text-align: right;\n",
       "    }\n",
       "</style>\n",
       "<table border=\"1\" class=\"dataframe\">\n",
       "  <thead>\n",
       "    <tr style=\"text-align: right;\">\n",
       "      <th></th>\n",
       "      <th>GDP</th>\n",
       "      <th>GDPpc</th>\n",
       "      <th>GDPpr</th>\n",
       "      <th>Agri</th>\n",
       "      <th>Cons</th>\n",
       "      <th>Manu</th>\n",
       "      <th>Mini</th>\n",
       "      <th>Publ</th>\n",
       "      <th>Serv</th>\n",
       "      <th>Tran</th>\n",
       "      <th>Util</th>\n",
       "    </tr>\n",
       "  </thead>\n",
       "  <tbody>\n",
       "    <tr>\n",
       "      <th>GDP</th>\n",
       "      <td>1.000000</td>\n",
       "      <td>0.906774</td>\n",
       "      <td>0.940066</td>\n",
       "      <td>0.884492</td>\n",
       "      <td>0.900637</td>\n",
       "      <td>0.899644</td>\n",
       "      <td>-0.162251</td>\n",
       "      <td>0.828402</td>\n",
       "      <td>0.924472</td>\n",
       "      <td>0.924004</td>\n",
       "      <td>0.951961</td>\n",
       "    </tr>\n",
       "    <tr>\n",
       "      <th>GDPpc</th>\n",
       "      <td>0.906774</td>\n",
       "      <td>1.000000</td>\n",
       "      <td>0.954058</td>\n",
       "      <td>0.889194</td>\n",
       "      <td>0.902900</td>\n",
       "      <td>0.979839</td>\n",
       "      <td>-0.151311</td>\n",
       "      <td>0.789409</td>\n",
       "      <td>0.927215</td>\n",
       "      <td>0.974582</td>\n",
       "      <td>0.894528</td>\n",
       "    </tr>\n",
       "    <tr>\n",
       "      <th>GDPpr</th>\n",
       "      <td>0.940066</td>\n",
       "      <td>0.954058</td>\n",
       "      <td>1.000000</td>\n",
       "      <td>0.971938</td>\n",
       "      <td>0.850308</td>\n",
       "      <td>0.973676</td>\n",
       "      <td>-0.387974</td>\n",
       "      <td>0.918552</td>\n",
       "      <td>0.995804</td>\n",
       "      <td>0.989581</td>\n",
       "      <td>0.981033</td>\n",
       "    </tr>\n",
       "    <tr>\n",
       "      <th>Agri</th>\n",
       "      <td>0.884492</td>\n",
       "      <td>0.889194</td>\n",
       "      <td>0.971938</td>\n",
       "      <td>1.000000</td>\n",
       "      <td>0.743136</td>\n",
       "      <td>0.932562</td>\n",
       "      <td>-0.513652</td>\n",
       "      <td>0.927259</td>\n",
       "      <td>0.982952</td>\n",
       "      <td>0.946277</td>\n",
       "      <td>0.958060</td>\n",
       "    </tr>\n",
       "    <tr>\n",
       "      <th>Cons</th>\n",
       "      <td>0.900637</td>\n",
       "      <td>0.902900</td>\n",
       "      <td>0.850308</td>\n",
       "      <td>0.743136</td>\n",
       "      <td>1.000000</td>\n",
       "      <td>0.806722</td>\n",
       "      <td>-0.151152</td>\n",
       "      <td>0.732024</td>\n",
       "      <td>0.820277</td>\n",
       "      <td>0.854614</td>\n",
       "      <td>0.853014</td>\n",
       "    </tr>\n",
       "    <tr>\n",
       "      <th>Manu</th>\n",
       "      <td>0.899644</td>\n",
       "      <td>0.979839</td>\n",
       "      <td>0.973676</td>\n",
       "      <td>0.932562</td>\n",
       "      <td>0.806722</td>\n",
       "      <td>1.000000</td>\n",
       "      <td>-0.284252</td>\n",
       "      <td>0.846579</td>\n",
       "      <td>0.957404</td>\n",
       "      <td>0.980780</td>\n",
       "      <td>0.920612</td>\n",
       "    </tr>\n",
       "    <tr>\n",
       "      <th>Mini</th>\n",
       "      <td>-0.162251</td>\n",
       "      <td>-0.151311</td>\n",
       "      <td>-0.387974</td>\n",
       "      <td>-0.513652</td>\n",
       "      <td>-0.151152</td>\n",
       "      <td>-0.284252</td>\n",
       "      <td>1.000000</td>\n",
       "      <td>-0.648157</td>\n",
       "      <td>-0.463213</td>\n",
       "      <td>-0.348377</td>\n",
       "      <td>-0.404957</td>\n",
       "    </tr>\n",
       "    <tr>\n",
       "      <th>Publ</th>\n",
       "      <td>0.828402</td>\n",
       "      <td>0.789409</td>\n",
       "      <td>0.918552</td>\n",
       "      <td>0.927259</td>\n",
       "      <td>0.732024</td>\n",
       "      <td>0.846579</td>\n",
       "      <td>-0.648157</td>\n",
       "      <td>1.000000</td>\n",
       "      <td>0.944159</td>\n",
       "      <td>0.884611</td>\n",
       "      <td>0.929352</td>\n",
       "    </tr>\n",
       "    <tr>\n",
       "      <th>Serv</th>\n",
       "      <td>0.924472</td>\n",
       "      <td>0.927215</td>\n",
       "      <td>0.995804</td>\n",
       "      <td>0.982952</td>\n",
       "      <td>0.820277</td>\n",
       "      <td>0.957404</td>\n",
       "      <td>-0.463213</td>\n",
       "      <td>0.944159</td>\n",
       "      <td>1.000000</td>\n",
       "      <td>0.979766</td>\n",
       "      <td>0.982344</td>\n",
       "    </tr>\n",
       "    <tr>\n",
       "      <th>Tran</th>\n",
       "      <td>0.924004</td>\n",
       "      <td>0.974582</td>\n",
       "      <td>0.989581</td>\n",
       "      <td>0.946277</td>\n",
       "      <td>0.854614</td>\n",
       "      <td>0.980780</td>\n",
       "      <td>-0.348377</td>\n",
       "      <td>0.884611</td>\n",
       "      <td>0.979766</td>\n",
       "      <td>1.000000</td>\n",
       "      <td>0.952937</td>\n",
       "    </tr>\n",
       "    <tr>\n",
       "      <th>Util</th>\n",
       "      <td>0.951961</td>\n",
       "      <td>0.894528</td>\n",
       "      <td>0.981033</td>\n",
       "      <td>0.958060</td>\n",
       "      <td>0.853014</td>\n",
       "      <td>0.920612</td>\n",
       "      <td>-0.404957</td>\n",
       "      <td>0.929352</td>\n",
       "      <td>0.982344</td>\n",
       "      <td>0.952937</td>\n",
       "      <td>1.000000</td>\n",
       "    </tr>\n",
       "  </tbody>\n",
       "</table>\n",
       "</div>"
      ],
      "text/plain": [
       "            GDP     GDPpc     GDPpr      Agri      Cons      Manu      Mini  \\\n",
       "GDP    1.000000  0.906774  0.940066  0.884492  0.900637  0.899644 -0.162251   \n",
       "GDPpc  0.906774  1.000000  0.954058  0.889194  0.902900  0.979839 -0.151311   \n",
       "GDPpr  0.940066  0.954058  1.000000  0.971938  0.850308  0.973676 -0.387974   \n",
       "Agri   0.884492  0.889194  0.971938  1.000000  0.743136  0.932562 -0.513652   \n",
       "Cons   0.900637  0.902900  0.850308  0.743136  1.000000  0.806722 -0.151152   \n",
       "Manu   0.899644  0.979839  0.973676  0.932562  0.806722  1.000000 -0.284252   \n",
       "Mini  -0.162251 -0.151311 -0.387974 -0.513652 -0.151152 -0.284252  1.000000   \n",
       "Publ   0.828402  0.789409  0.918552  0.927259  0.732024  0.846579 -0.648157   \n",
       "Serv   0.924472  0.927215  0.995804  0.982952  0.820277  0.957404 -0.463213   \n",
       "Tran   0.924004  0.974582  0.989581  0.946277  0.854614  0.980780 -0.348377   \n",
       "Util   0.951961  0.894528  0.981033  0.958060  0.853014  0.920612 -0.404957   \n",
       "\n",
       "           Publ      Serv      Tran      Util  \n",
       "GDP    0.828402  0.924472  0.924004  0.951961  \n",
       "GDPpc  0.789409  0.927215  0.974582  0.894528  \n",
       "GDPpr  0.918552  0.995804  0.989581  0.981033  \n",
       "Agri   0.927259  0.982952  0.946277  0.958060  \n",
       "Cons   0.732024  0.820277  0.854614  0.853014  \n",
       "Manu   0.846579  0.957404  0.980780  0.920612  \n",
       "Mini  -0.648157 -0.463213 -0.348377 -0.404957  \n",
       "Publ   1.000000  0.944159  0.884611  0.929352  \n",
       "Serv   0.944159  1.000000  0.979766  0.982344  \n",
       "Tran   0.884611  0.979766  1.000000  0.952937  \n",
       "Util   0.929352  0.982344  0.952937  1.000000  "
      ]
     },
     "execution_count": 4,
     "metadata": {},
     "output_type": "execute_result"
    }
   ],
   "source": [
    "dataGdpMxY.corr()"
   ]
  },
  {
   "cell_type": "markdown",
   "id": "bdd38517",
   "metadata": {},
   "source": [
    "## GDP Distribution - Mexico\n",
    "**Quarter** \\\n",
    "We observe that Service follows almost a uniform distribution, reinforced by the line plot which is approximatelly a linear function. In general the others sectors as Manufacturing, Utilities and Transport show some uniformity."
   ]
  },
  {
   "cell_type": "code",
   "execution_count": 5,
   "id": "999909df",
   "metadata": {},
   "outputs": [
    {
     "name": "stderr",
     "output_type": "stream",
     "text": [
      "C:\\Users\\Andre\\AppData\\Local\\Temp/ipykernel_612/4046853353.py:3: UserWarning: To output multiple subplots, the figure containing the passed axes is being cleared\n",
      "  dataGdpMx.drop(columns='Quarter').hist(ax=ax)\n"
     ]
    },
    {
     "data": {
      "text/plain": [
       "array([[<AxesSubplot:title={'center':'Agri'}>,\n",
       "        <AxesSubplot:title={'center':'Cons'}>,\n",
       "        <AxesSubplot:title={'center':'Manu'}>],\n",
       "       [<AxesSubplot:title={'center':'Mini'}>,\n",
       "        <AxesSubplot:title={'center':'Publ'}>,\n",
       "        <AxesSubplot:title={'center':'Serv'}>],\n",
       "       [<AxesSubplot:title={'center':'Tran'}>,\n",
       "        <AxesSubplot:title={'center':'Util'}>, <AxesSubplot:>]],\n",
       "      dtype=object)"
      ]
     },
     "execution_count": 5,
     "metadata": {},
     "output_type": "execute_result"
    },
    {
     "data": {
